#################### PhoBert #################################

        precision    recall  f1-score   support

0       0.70      0.70      0.70       193
1       0.61      0.63      0.62       132
2       0.66      0.66      0.66       116
3       0.46      0.42      0.44        40
4       0.67      0.38      0.48        37
5       0.70      0.65      0.67        46
6       0.53      0.60      0.56       129

accuracy                           0.62       693
macro avg       0.62      0.58      0.59       693
weighted avg       0.63      0.62      0.62       693


#################### VisoBert #################################

              precision    recall  f1-score   support

           0       0.78      0.77      0.78       193
           1       0.61      0.69      0.65       132
           2       0.71      0.72      0.71       116
           3       0.62      0.50      0.56        40
           4       0.77      0.62      0.69        37
           5       0.72      0.74      0.73        46
           6       0.58      0.57      0.58       129

    accuracy                           0.68       693
   macro avg       0.69      0.66      0.67       693
weighted avg       0.69      0.68      0.68       693

